strict digraph "" {
	"None: 20.0" -> "e: 6.666666666666667";
	"None: 20.0" -> "None: 13.333333333333334";
	"None: 13.333333333333334" -> "u: 6.666666666666667";
	"None: 13.333333333333334" -> "g: 6.666666666666667";
}
