strict digraph "" {
	"y: 6.666666666666667" -> "u: 6.666666666666667";
	"y: 6.666666666666667" -> "t: 6.666666666666667";
	"u: 6.666666666666667" -> "e: 6.666666666666667";
	"u: 6.666666666666667" -> "g: 6.666666666666667";
	"e: 6.666666666666667" -> "h: 13.333333333333334";
	"e: 6.666666666666667" -> "a: 6.666666666666667";
	"g: 6.666666666666667" -> "i: 13.333333333333334";
	"t: 6.666666666666667" -> " : 26.666666666666668";
	"t: 6.666666666666667" -> "m: 6.666666666666667";
}
